>32	8.006689453125
33	8.019580078125
34	8.019580078125
35	8.019580078125
36	8.045361328125
37	8.032470703125
38	8.045361328125
39	8.045361328125
40	8.032470703125
41	8.032470703125
42	8.032470703125
43	8.032470703125
44	8.058251953125
45	8.058251953125
46	8.058251953125
47	8.045361328125
48	8.045361328125
49	8.058251953125
50	8.071142578125
51	8.084033203125
52	8.058251953125
53	8.084033203125
54	8.084033203125
55	8.006689453125
56	8.084033203125
57	8.071142578125
58	8.084033203125
59	8.084033203125
60	8.084033203125
61	8.084033203125
62	8.071142578125
63	8.084033203125
64	8.135595703125
65	8.084033203125
66	8.096923828125
67	8.109814453125
68	8.109814453125
69	8.096923828125
70	8.122705078125
71	8.109814453125
72	8.109814453125
73	8.148486328125
74	8.135595703125
75	8.122705078125
76	8.122705078125
77	8.148486328125
78	8.148486328125
79	8.122705078125
80	8.135595703125
81	8.135595703125
82	8.148486328125
83	8.161376953125
84	8.135595703125
85	8.148486328125
86	8.161376953125
87	8.148486328125
88	8.148486328125
89	8.174267578125
90	8.174267578125
91	8.122705078125
92	8.174267578125
93	8.161376953125
94	8.174267578125
95	8.135595703125
96	8.174267578125
97	8.187158203125
98	8.187158203125
99	8.161376953125
100	8.187158203125
101	8.187158203125
102	8.212939453125
103	8.212939453125
104	8.212939453125
105	8.148486328125
106	8.200048828125
107	8.187158203125
108	8.238720703125
109	8.225830078125
110	8.174267578125
111	8.212939453125
112	8.212939453125
113	8.225830078125
114	8.238720703125
115	8.251611328125
116	8.251611328125
117	8.225830078125
118	8.251611328125
119	8.238720703125
120	8.212939453125
121	8.264501953125
122	8.264501953125
123	8.212939453125
124	8.225830078125
125	8.251611328125
126	8.225830078125
127	8.264501953125
128	8.251611328125
129	8.277392578125
130	8.277392578125
131	8.277392578125
132	8.277392578125
133	8.277392578125
134	8.290283203125
135	8.316064453125
136	8.290283203125
137	8.277392578125
138	8.264501953125
139	8.303173828125
140	8.251611328125
141	8.303173828125
142	8.290283203125
143	8.316064453125
144	8.316064453125
145	8.290283203125
146	8.251611328125
147	8.290283203125
148	8.303173828125
149	8.341845703125
150	8.328955078125
151	8.251611328125
152	8.316064453125
153	8.316064453125
154	8.341845703125
155	8.328955078125
156	8.328955078125
157	8.328955078125
158	8.328955078125
159	8.341845703125
160	8.354736328125
161	8.354736328125
162	8.354736328125
163	8.341845703125
164	8.354736328125
165	8.367626953125
166	8.303173828125
167	8.354736328125
168	8.367626953125
169	8.354736328125
170	8.406298828125
171	8.393408203125
172	8.380517578125
173	8.316064453125
174	8.380517578125
175	8.393408203125
176	8.393408203125
177	8.419189453125
178	8.380517578125
179	8.380517578125
180	8.393408203125
181	8.380517578125
182	8.406298828125
183	8.393408203125
184	8.419189453125
185	8.419189453125
186	8.406298828125
187	8.406298828125
188	8.432080078125
189	8.406298828125
190	8.432080078125
191	8.457861328125
192	8.419189453125
193	8.380517578125
194	8.393408203125
195	8.419189453125
196	8.457861328125
197	8.419189453125
198	8.432080078125
199	8.444970703125
200	8.457861328125
201	8.444970703125
202	8.380517578125
203	8.432080078125
204	8.444970703125
205	8.457861328125
206	8.483642578125
207	8.457861328125
208	8.457861328125
209	8.444970703125
210	8.457861328125
211	8.470751953125
212	8.457861328125
213	8.470751953125
214	8.432080078125
215	8.483642578125
216	8.483642578125
217	8.496533203125
218	8.483642578125
219	8.496533203125
220	8.509423828125
221	8.470751953125
222	8.496533203125
223	8.509423828125
224	8.496533203125
225	8.483642578125
226	8.509423828125
227	8.522314453125
228	8.509423828125
229	8.522314453125
230	8.496533203125
231	8.522314453125
232	8.509423828125
233	8.509423828125
234	8.496533203125
235	8.522314453125
236	8.522314453125
237	8.509423828125
238	8.509423828125
239	8.509423828125
240	8.522314453125
241	8.548095703125
242	8.560986328125
243	8.522314453125
244	8.548095703125
245	8.573876953125
246	8.573876953125
247	8.548095703125
248	8.560986328125
249	8.509423828125
250	8.573876953125
251	8.573876953125
252	8.560986328125
253	8.599658203125
254	8.586767578125
255	8.586767578125
256	8.573876953125
257	8.548095703125
258	8.599658203125
259	8.586767578125
260	8.573876953125
261	8.573876953125
262	8.573876953125
263	8.599658203125
264	8.522314453125
265	8.586767578125
266	8.625439453125
267	8.612548828125
268	8.612548828125
269	8.560986328125
270	8.625439453125
271	8.612548828125
272	8.612548828125
273	8.625439453125
274	8.599658203125
275	8.625439453125
276	8.612548828125
277	8.599658203125
278	8.651220703125
279	8.612548828125
280	8.664111328125
281	8.625439453125
282	8.651220703125
283	8.612548828125
284	8.625439453125
285	8.638330078125
286	8.638330078125
287	8.664111328125
288	8.651220703125
289	8.651220703125
290	8.586767578125
291	8.664111328125
292	8.664111328125
293	8.677001953125
294	8.638330078125
295	8.651220703125
296	8.677001953125
297	8.651220703125
298	8.677001953125
299	8.677001953125
300	8.677001953125
301	8.689892578125
302	8.664111328125
303	8.677001953125
304	8.702783203125
305	8.702783203125
306	8.651220703125
307	8.702783203125
308	8.689892578125
309	8.715673828125
310	8.689892578125
311	8.715673828125
312	8.702783203125
313	8.702783203125
314	8.715673828125
315	8.702783203125
316	8.715673828125
317	8.715673828125
318	8.767236328125
319	8.677001953125
320	8.728564453125
321	8.741455078125
322	8.741455078125
323	8.741455078125
324	8.702783203125
325	8.741455078125
326	8.754345703125
327	8.741455078125
328	8.728564453125
329	8.728564453125
330	8.741455078125
331	8.754345703125
332	8.741455078125
333	8.741455078125
334	8.767236328125
335	8.715673828125
336	8.780126953125
337	8.754345703125
338	8.780126953125
339	8.754345703125
340	8.754345703125
341	8.767236328125
342	8.780126953125
343	8.780126953125
344	8.767236328125
345	8.780126953125
346	8.728564453125
347	8.793017578125
348	8.793017578125
349	8.780126953125
350	8.767236328125
351	8.818798828125
352	8.805908203125
353	8.818798828125
354	8.793017578125
355	8.793017578125
356	8.793017578125
357	8.805908203125
358	8.793017578125
359	8.767236328125
360	8.818798828125
361	8.805908203125
362	8.818798828125
363	8.818798828125
364	8.818798828125
365	8.857470703125
366	8.831689453125
367	8.767236328125
368	8.831689453125
369	8.831689453125
370	8.805908203125
371	8.844580078125
372	8.831689453125
373	8.831689453125
374	8.857470703125
375	8.844580078125
376	8.844580078125
377	8.844580078125
378	8.844580078125
379	8.883251953125
380	8.857470703125
381	8.870361328125
382	8.870361328125
383	8.870361328125
384	8.883251953125
385	8.883251953125
386	8.883251953125
387	8.883251953125
388	8.883251953125
389	8.883251953125
390	8.831689453125
391	8.883251953125
392	8.870361328125
393	8.883251953125
394	8.896142578125
395	8.896142578125
396	8.896142578125
397	8.896142578125
398	8.934814453125
399	8.934814453125
400	8.909033203125
401	8.909033203125
402	8.857470703125
403	8.909033203125
404	8.934814453125
405	8.921923828125
406	8.934814453125
407	8.947705078125
408	8.934814453125
409	8.934814453125
410	8.960595703125
411	8.921923828125
412	8.934814453125
413	8.986376953125
414	8.960595703125
415	8.960595703125
416	8.947705078125
417	8.947705078125
418	8.947705078125
419	8.947705078125
420	8.947705078125
421	8.909033203125
422	8.909033203125
423	8.960595703125
424	8.973486328125
425	8.973486328125
426	8.960595703125
427	8.973486328125
428	8.960595703125
429	8.934814453125
430	8.960595703125
431	8.986376953125
432	8.973486328125
433	9.050830078125
434	8.986376953125
435	8.999267578125
436	8.986376953125
437	8.999267578125
438	9.089501953125
439	8.986376953125
440	8.999267578125
441	9.037939453125
442	8.999267578125
443	8.999267578125
444	9.037939453125
445	8.999267578125
446	9.037939453125
447	9.025048828125
448	9.025048828125
449	9.012158203125
450	9.089501953125
451	9.037939453125
452	9.037939453125
453	9.025048828125
454	9.037939453125
455	9.037939453125
456	9.037939453125
457	9.037939453125
458	9.050830078125
459	9.025048828125
460	9.050830078125
461	9.063720703125
462	9.050830078125
463	9.076611328125
464	9.063720703125
465	9.089501953125
466	9.076611328125
467	9.102392578125
468	9.076611328125
469	9.050830078125
470	9.063720703125
471	9.063720703125
472	9.050830078125
473	9.063720703125
474	9.089501953125
475	9.089501953125
476	9.076611328125
477	9.102392578125
478	9.115283203125
479	9.089501953125
480	9.089501953125
481	9.102392578125
482	9.089501953125
483	9.102392578125
484	9.089501953125
485	9.102392578125
486	9.102392578125
487	9.102392578125
488	9.115283203125
489	9.141064453125
490	9.115283203125
491	9.128173828125
492	9.141064453125
493	9.115283203125
494	9.115283203125
495	9.089501953125
496	9.141064453125
497	9.115283203125
498	9.089501953125
499	9.128173828125
500	9.102392578125
501	9.153955078125
502	9.128173828125
503	9.153955078125
504	9.141064453125
505	9.141064453125
506	9.102392578125
507	9.141064453125
508	9.102392578125
509	9.153955078125
510	9.102392578125
511	9.166845703125
512	9.179736328125
513	9.166845703125
514	9.166845703125
515	9.166845703125
516	9.166845703125
517	9.179736328125
518	9.179736328125
519	9.153955078125
520	9.192626953125
521	9.192626953125
522	9.192626953125
523	9.128173828125
524	9.179736328125
525	9.192626953125
526	9.192626953125
527	9.179736328125
528	9.166845703125
529	9.179736328125
530	9.205517578125
531	9.192626953125
532	9.192626953125
533	9.192626953125
534	9.308642578125
535	9.218408203125
536	9.218408203125
537	9.244189453125
538	9.205517578125
539	9.218408203125
540	9.231298828125
541	9.218408203125
542	9.231298828125
543	9.244189453125
544	9.244189453125
545	9.231298828125
546	9.231298828125
547	9.282861328125
548	9.244189453125
549	9.244189453125
550	9.257080078125
551	9.244189453125
552	9.244189453125
553	9.244189453125
554	9.257080078125
555	9.282861328125
556	9.257080078125
557	9.257080078125
558	9.282861328125
559	9.218408203125
560	9.269970703125
561	9.282861328125
562	9.257080078125
563	9.282861328125
564	9.282861328125
565	9.269970703125
566	9.282861328125
567	9.295751953125
568	9.295751953125
569	9.308642578125
570	9.282861328125
571	9.308642578125
572	9.295751953125
573	9.308642578125
574	9.321533203125
575	9.308642578125
576	9.295751953125
577	9.334423828125
578	9.244189453125
579	9.295751953125
580	9.295751953125
581	9.360205078125
582	9.295751953125
583	9.321533203125
584	9.308642578125
585	9.321533203125
586	9.334423828125
587	9.321533203125
588	9.347314453125
589	9.321533203125
590	9.347314453125
591	9.411767578125
592	9.347314453125
593	9.334423828125
594	9.347314453125
595	9.347314453125
596	9.334423828125
597	9.347314453125
598	9.373095703125
599	9.373095703125
600	9.373095703125
601	9.373095703125
602	9.347314453125
603	9.360205078125
604	9.360205078125
605	9.385986328125
606	9.398876953125
607	9.385986328125
608	9.373095703125
609	9.373095703125
610	9.360205078125
611	9.398876953125
612	9.385986328125
613	9.398876953125
614	9.334423828125
615	9.424658203125
616	9.385986328125
617	9.360205078125
618	9.398876953125
619	9.398876953125
620	9.398876953125
621	9.398876953125
622	9.398876953125
623	9.398876953125
624	9.411767578125
625	9.424658203125
626	9.411767578125
627	9.347314453125
628	9.437548828125
629	9.424658203125
630	9.424658203125
631	9.373095703125
632	9.424658203125
633	9.424658203125
634	9.424658203125
635	9.424658203125
636	9.424658203125
637	9.437548828125
638	9.437548828125
639	9.424658203125
640	9.450439453125
641	9.450439453125
642	9.424658203125
643	9.437548828125
644	9.437548828125
645	9.437548828125
646	9.450439453125
647	9.424658203125
648	9.476220703125
649	9.476220703125
650	9.411767578125
651	9.463330078125
652	9.463330078125
653	9.424658203125
654	9.476220703125
655	9.476220703125
656	9.450439453125
657	9.476220703125
658	9.450439453125
659	9.502001953125
660	9.502001953125
661	9.476220703125
662	9.489111328125
663	9.502001953125
664	9.489111328125
665	9.502001953125
666	9.502001953125
667	9.489111328125
668	9.514892578125
669	9.514892578125
670	9.514892578125
671	9.514892578125
672	9.527783203125
673	9.540673828125
674	9.514892578125
675	9.514892578125
676	9.514892578125
677	9.527783203125
678	9.553564453125
679	9.553564453125
680	9.553564453125
681	9.553564453125
682	9.540673828125
683	9.540673828125
684	9.527783203125
685	9.553564453125
686	9.553564453125
687	9.553564453125
688	9.566455078125
689	9.514892578125
690	9.566455078125
691	9.566455078125
692	9.540673828125
693	9.527783203125
694	9.566455078125
695	9.579345703125
696	9.579345703125
697	9.579345703125
698	9.553564453125
699	9.579345703125
700	9.592236328125
701	9.579345703125
702	9.592236328125
703	9.592236328125
704	9.592236328125
705	9.592236328125
706	9.579345703125
707	9.605126953125
708	9.605126953125
709	9.592236328125
710	9.618017578125
711	9.592236328125
712	9.605126953125
713	9.605126953125
714	9.618017578125
715	9.605126953125
716	9.618017578125
717	9.618017578125
718	9.618017578125
719	9.618017578125
720	9.566455078125
721	9.566455078125
722	9.630908203125
723	9.630908203125
724	9.630908203125
725	9.630908203125
726	9.618017578125
727	9.618017578125
728	9.630908203125
729	9.618017578125
730	9.643798828125
731	9.656689453125
732	9.630908203125
733	9.618017578125
734	9.643798828125
735	9.656689453125
736	9.630908203125
737	9.656689453125
738	9.669580078125
739	9.643798828125
740	9.682470703125
741	9.669580078125
742	9.669580078125
743	9.656689453125
744	9.656689453125
745	9.656689453125
746	9.682470703125
747	9.669580078125
748	9.682470703125
749	9.643798828125
750	9.682470703125
751	9.682470703125
752	9.708251953125
753	9.708251953125
754	9.695361328125
755	9.643798828125
756	9.695361328125
757	9.721142578125
758	9.708251953125
759	9.708251953125
760	9.721142578125
761	9.721142578125
762	9.721142578125
763	9.721142578125
764	9.695361328125
765	9.721142578125
766	9.695361328125
767	9.695361328125
768	9.759814453125
769	9.734033203125
770	9.721142578125
771	9.734033203125
772	9.708251953125
773	9.734033203125
774	9.759814453125
775	9.721142578125
776	9.708251953125
777	9.734033203125
778	9.759814453125
779	9.734033203125
780	9.759814453125
781	9.734033203125
782	9.746923828125
783	9.759814453125
784	9.746923828125
785	9.759814453125
786	9.759814453125
787	9.759814453125
788	9.734033203125
789	9.759814453125
790	9.772705078125
791	9.785595703125
792	9.798486328125
793	9.772705078125
794	9.785595703125
795	9.759814453125
796	9.785595703125
797	9.759814453125
798	9.785595703125
799	9.798486328125
800	9.772705078125
801	9.811376953125
802	9.798486328125
803	9.811376953125
804	9.798486328125
805	9.785595703125
806	9.785595703125
807	9.811376953125
808	9.824267578125
809	9.811376953125
810	9.811376953125
811	9.811376953125
812	9.759814453125
813	9.811376953125
814	9.811376953125
815	9.811376953125
816	9.811376953125
817	9.824267578125
818	9.811376953125
819	9.837158203125
820	9.811376953125
821	9.824267578125
822	9.850048828125
823	9.850048828125
824	9.850048828125
825	9.837158203125
826	9.837158203125
827	9.862939453125
828	9.837158203125
829	9.850048828125
830	9.850048828125
831	9.837158203125
832	9.862939453125
833	9.862939453125
834	9.875830078125
835	9.862939453125
836	9.862939453125
837	9.850048828125
838	9.850048828125
839	9.837158203125
840	9.888720703125
841	9.888720703125
842	9.888720703125
843	9.888720703125
844	9.875830078125
845	9.888720703125
846	9.875830078125
847	9.875830078125
848	9.902416992187
849	9.902416992187
850	9.902416992187
851	9.902416992187
852	9.902416992187
853	9.875830078125
854	9.928198242187
855	9.902416992187
856	9.888720703125
857	9.902416992187
858	9.902416992187
859	9.902416992187
860	9.915307617187
861	9.915307617187
862	9.902416992187
863	9.928198242187
864	9.928198242187
865	9.888720703125
866	9.915307617187
867	9.953979492188
868	9.941088867187
869	9.928198242187
870	9.928198242187
871	9.941088867187
872	9.928198242187
873	9.928198242187
874	9.941088867187
875	9.953979492188
876	9.928198242187
877	9.941088867187
878	9.953979492188
879	9.953979492188
880	9.953979492188
881	9.953979492188
882	9.966870117187
883	9.902416992187
884	9.966870117187
885	9.941088867187
886	9.953979492188
887	9.966870117187
888	9.953979492188
889	9.979760742187
890	10.005541992187
891	9.992651367187
892	9.966870117187
893	9.992651367187
894	9.941088867187
895	9.979760742187
896	9.966870117187
897	9.992651367187
898	9.966870117187
899	10.005541992187
900	9.992651367187
901	9.992651367187
902	9.979760742187
903	10.005541992187
904	10.005541992187
905	10.018432617188
906	9.992651367187
907	9.992651367187
908	9.992651367187
909	10.057104492187
910	10.018432617188
911	10.031323242187
912	10.018432617188
913	10.031323242187
914	10.031323242187
915	10.044213867187
916	10.018432617188
917	10.031323242187
918	10.044213867187
919	9.979760742187
920	10.005541992187
921	10.044213867187
922	10.057104492187
923	10.018432617188
924	10.095776367187
925	10.031323242187
926	10.082885742188
927	9.992651367187
928	10.044213867187
929	10.031323242187
930	10.044213867187
931	10.044213867187
932	10.069995117187
933	10.069995117187
934	10.044213867187
935	10.044213867187
936	10.057104492187
937	10.057104492187
938	10.044213867187
939	10.057104492187
940	10.069995117187
941	10.044213867187
942	10.069995117187
943	10.069995117187
944	10.069995117187
945	10.031323242187
946	10.082885742188
947	10.069995117187
948	10.082885742188
949	10.082885742188
950	10.095776367187
951	10.095776367187
952	10.095776367187
953	10.108666992187
954	10.044213867187
955	10.108666992187
956	10.095776367187
957	10.108666992187
958	10.108666992187
959	10.108666992187
960	10.121557617187
961	10.121557617187
962	10.095776367187
963	10.121557617187
964	10.108666992187
965	10.134448242187
966	10.147338867188
967	10.121557617187
968	10.121557617187
969	10.121557617187
970	10.121557617187
971	10.147338867188
972	10.121557617187
973	10.121557617187
974	10.173120117187
975	10.134448242187
976	10.134448242187
977	10.108666992187
978	10.134448242187
979	10.147338867188
980	10.147338867188
981	10.147338867188
982	10.147338867188
983	10.160229492187
984	10.173120117187
985	10.160229492187
986	10.160229492187
987	10.173120117187
988	10.173120117187
989	10.263354492187
990	10.160229492187
991	10.160229492187
992	10.147338867188
993	10.198901367187
994	10.173120117187
995	10.121557617187
996	10.186010742187
997	10.173120117187
998	10.160229492187
999	10.121557617187
1000	10.134448242187
1001	10.211791992188
1002	10.186010742187
1003	10.186010742187
1004	10.198901367187
1005	10.211791992188
1006	10.186010742187
1007	10.198901367187
1008	10.211791992188
1009	10.186010742187
1010	10.198901367187
1011	10.224682617187
1012	10.211791992188
1013	10.276245117188
1014	10.198901367187
1015	10.302026367187
1016	10.211791992188
1017	10.224682617187
1018	10.211791992188
1019	10.211791992188
1020	10.211791992188
1021	10.198901367187
1022	10.224682617187
1023	10.211791992188
1024	10.211791992188
1025	10.224682617187
1026	10.224682617187
1027	10.224682617187
1028	10.237573242187
1029	10.224682617187
1030	10.237573242187
1031	10.198901367187
1032	10.250463867187
1033	10.250463867187
1034	10.224682617187
1035	10.250463867187
1036	10.198901367187
1037	10.263354492187
1038	10.250463867187
1039	10.263354492187
1040	10.263354492187
1041	10.250463867187
1042	10.250463867187
1043	10.250463867187
1044	10.276245117188
1045	10.276245117188
1046	10.263354492187
1047	10.250463867187
1048	10.263354492187
1049	10.276245117188
1050	10.276245117188
1051	10.276245117188
1052	10.289135742187
1053	10.263354492187
1054	10.224682617187
1055	10.302026367187
1056	10.302026367187
1057	10.276245117188
1058	10.224682617187
1059	10.302026367187
1060	10.314916992187
1061	10.314916992187
1062	10.302026367187
1063	10.314916992187
1064	10.314916992187
1065	10.302026367187
1066	10.276245117188
1067	10.289135742187
1068	10.314916992187
1069	10.327807617187
1070	10.314916992187
1071	10.314916992187
1072	10.302026367187
1073	10.302026367187
1074	10.314916992187
1075	10.327807617187
1076	10.289135742187
1077	10.327807617187
1078	10.314916992187
1079	10.340698242188
1080	10.327807617187
1081	10.353588867187
1082	10.327807617187
1083	10.366479492187
1084	10.327807617187
1085	10.353588867187
1086	10.353588867187
1087	10.366479492187
1088	10.327807617187
1089	10.353588867187
1090	10.366479492187
1091	10.353588867187
1092	10.353588867187
1093	10.340698242188
1094	10.353588867187
1095	10.314916992187
1096	10.340698242188
1097	10.327807617187
1098	10.366479492187
1099	10.353588867187
1100	10.392260742187
1101	10.379370117187
1102	10.353588867187
1103	10.379370117187
1104	10.314916992187
1105	10.392260742187
1106	10.366479492187
1107	10.379370117187
1108	10.405151367188
1109	10.392260742187
1110	10.392260742187
1111	10.392260742187
1112	10.418041992187
1113	10.405151367188
1114	10.379370117187
1115	10.353588867187
1116	10.405151367188
1117	10.366479492187
1118	10.418041992187
1119	10.418041992187
1120	10.405151367188
1121	10.392260742187
1122	10.430932617187
1123	10.405151367188
1124	10.405151367188
1125	10.418041992187
1126	10.418041992187
1127	10.405151367188
1128	10.418041992187
1129	10.418041992187
1130	10.418041992187
1131	10.405151367188
1132	10.418041992187
1133	10.430932617187
1134	10.430932617187
1135	10.430932617187
1136	10.456713867187
1137	10.430932617187
1138	10.456713867187
1139	10.443823242187
1140	10.443823242187
1141	10.456713867187
1142	10.418041992187
1143	10.443823242187
1144	10.456713867187
1145	10.443823242187
1146	10.443823242187
1147	10.469604492188
1148	10.443823242187
1149	10.456713867187
1150	10.482495117187
1151	10.469604492188
1152	10.456713867187
1153	10.418041992187
1154	10.443823242187
1155	10.456713867187
1156	10.495385742187
1157	10.456713867187
1158	10.546948242187
1159	10.469604492188
1160	10.430932617187
1161	10.469604492188
1162	10.469604492188
1163	10.495385742187
1164	10.482495117187
1165	10.482495117187
1166	10.482495117187
1167	10.508276367187
1168	10.495385742187
1169	10.482495117187
1170	10.508276367187
1171	10.508276367187
1172	10.495385742187
1173	10.508276367187
1174	10.469604492188
1175	10.443823242187
1176	10.508276367187
1177	10.495385742187
1178	10.534057617188
1179	10.521166992187
1180	10.534057617188
1181	10.508276367187
1182	10.508276367187
1183	10.534057617188
1184	10.521166992187
1185	10.521166992187
1186	10.546948242187
1187	10.534057617188
1188	10.521166992187
1189	10.495385742187
1190	10.534057617188
1191	10.521166992187
1192	10.546948242187
1193	10.534057617188
1194	10.546948242187
1195	10.546948242187
1196	10.482495117187
1197	10.534057617188
1198	10.559838867187
1199	10.559838867187
1200	10.546948242187
1201	10.546948242187
1202	10.546948242187
1203	10.559838867187
1204	10.637182617187
1205	10.546948242187
1206	10.572729492187
1207	10.559838867187
1208	10.585620117187
1209	10.546948242187
1210	10.585620117187
1211	10.611401367187
1212	10.585620117187
1213	10.572729492187
1214	10.572729492187
1215	10.572729492187
1216	10.572729492187
1217	10.598510742188
1218	10.585620117187
1219	10.611401367187
1220	10.585620117187
1221	10.585620117187
1222	10.611401367187
1223	10.585620117187
1224	10.598510742188
1225	10.559838867187
1226	10.611401367187
1227	10.585620117187
1228	10.598510742188
1229	10.598510742188
1230	10.611401367187
1231	10.598510742188
1232	10.611401367187
1233	10.598510742188
1234	10.611401367187
1235	10.624291992187
1236	10.624291992187
1237	10.637182617187
1238	10.598510742188
1239	10.624291992187
1240	10.598510742188
1241	10.572729492187
1242	10.701635742187
1243	10.650073242187
1244	10.624291992187
1245	10.662963867188
1246	10.585620117187
1247	10.624291992187
1248	10.637182617187
1249	10.637182617187
1250	10.624291992187
1251	10.637182617187
1252	10.662963867188
1253	10.662963867188
1254	10.585620117187
1255	10.650073242187
1256	10.637182617187
1257	10.624291992187
1258	10.662963867188
1259	10.650073242187
1260	10.662963867188
1261	10.688745117187
1262	10.650073242187
1263	10.662963867188
1264	10.675854492187
1265	10.611401367187
1266	10.662963867188
1267	10.688745117187
1268	10.650073242187
1269	10.714526367187
1270	10.688745117187
1271	10.688745117187
1272	10.688745117187
1273	10.701635742187
1274	10.688745117187
1275	10.675854492187
1276	10.688745117187
1277	10.701635742187
1278	10.688745117187
1279	10.701635742187
1280	10.688745117187
1281	10.714526367187
1282	10.701635742187
1283	10.714526367187
1284	10.637182617187
1285	10.714526367187
1286	10.688745117187
1287	10.727416992188
1288	10.727416992188
1289	10.714526367187
1290	10.701635742187
1291	10.714526367187
1292	10.714526367187
1293	10.701635742187
1294	10.714526367187
1295	10.740307617187
1296	10.701635742187
1297	10.701635742187
1298	10.740307617187
1299	10.714526367187
1300	10.727416992188
1301	10.740307617187
1302	10.740307617187
1303	10.727416992188
1304	10.740307617187
1305	10.727416992188
1306	10.740307617187
1307	10.675854492187
1308	10.740307617187
1309	10.804760742187
1310	10.766088867187
1311	10.740307617187
1312	10.753198242187
1313	10.701635742187
1314	10.766088867187
1315	10.753198242187
1316	10.727416992188
1317	10.753198242187
1318	10.766088867187
1319	10.753198242187
1320	10.766088867187
1321	10.791870117188
1322	10.869213867187
1323	10.766088867187
1324	10.766088867187
1325	10.778979492187
1326	10.778979492187
1327	10.766088867187
1328	10.791870117188
1329	10.791870117188
1330	10.778979492187
1331	10.778979492187
1332	10.843432617187
1333	10.778979492187
1334	10.766088867187
1335	10.804760742187
1336	10.817651367187
1337	10.804760742187
1338	10.778979492187
1339	10.778979492187
1340	10.791870117188
1341	10.727416992188
1342	10.817651367187
1343	10.804760742187
1344	10.804760742187
1345	10.817651367187
1346	10.766088867187
1347	10.817651367187
1348	10.791870117188
1349	10.830541992187
1350	10.766088867187
1351	10.804760742187
1352	10.766088867187
1353	10.830541992187
1354	10.817651367187
1355	10.843432617187
1356	10.830541992187
1357	10.830541992187
1358	10.843432617187
1359	10.830541992187
1360	10.856323242188
1361	10.843432617187
1362	10.856323242188
1363	10.830541992187
1364	10.830541992187
1365	10.856323242188
1366	10.843432617187
1367	10.856323242188
1368	10.856323242188
1369	10.856323242188
1370	10.856323242188
1371	10.817651367187
1372	10.830541992187
1373	10.856323242188
1374	10.894995117187
1375	10.882104492187
1376	10.830541992187
1377	10.882104492187
1378	10.856323242188
1379	10.843432617187
1380	10.856323242188
1381	10.894995117187
1382	10.856323242188
1383	10.856323242188
1384	10.907885742187
1385	10.882104492187
1386	10.894995117187
1387	10.882104492187
1388	10.894995117187
1389	10.817651367187
1390	10.894995117187
1391	10.843432617187
1392	10.882104492187
1393	10.894995117187
1394	10.907885742187
1395	10.894995117187
1396	10.907885742187
1397	10.894995117187
1398	10.907885742187
1399	10.856323242188
1400	10.894995117187
1401	10.907885742187
1402	10.907885742187
1403	10.894995117187
1404	10.920776367188
1405	10.946557617187
1406	10.920776367188
1407	10.869213867187
1408	10.920776367188
1409	10.907885742187
1410	10.933666992187
1411	10.920776367188
1412	10.920776367188
1413	10.972338867187
1414	10.920776367188
1415	10.920776367188
1416	10.972338867187
1417	10.920776367188
1418	10.933666992187
1419	10.933666992187
1420	10.959448242187
1421	10.946557617187
1422	10.959448242187
1423	10.933666992187
1424	10.946557617187
1425	10.959448242187
1426	10.972338867187
1427	10.946557617187
1428	10.959448242187
1429	10.946557617187
1430	10.946557617187
1431	10.998120117187
1432	10.972338867187
1433	10.972338867187
1434	10.959448242187
1435	10.972338867187
1436	10.959448242187
1437	11.023901367187
1438	10.985229492188
1439	10.972338867187
1440	10.972338867187
1441	10.985229492188
1442	10.985229492188
1443	10.985229492188
1444	10.972338867187
1445	10.946557617187
1446	11.011010742187
1447	10.985229492188
1448	11.023901367187
1449	10.972338867187
1450	10.985229492188
1451	11.023901367187
1452	11.049682617188
1453	10.998120117187
1454	10.998120117187
1455	10.933666992187
1456	10.998120117187
1457	10.998120117187
1458	10.998120117187
1459	11.011010742187
1460	11.023901367187
1461	11.023901367187
1462	10.998120117187
1463	10.998120117187
1464	11.011010742187
1465	11.023901367187
1466	11.023901367187
1467	11.023901367187
1468	11.023901367187
1469	11.011010742187
1470	11.036791992187
1471	11.011010742187
1472	11.049682617188
1473	11.036791992187
1474	11.023901367187
1475	11.036791992187
1476	11.049682617188
1477	11.075463867187
1478	11.023901367187
1479	11.036791992187
1480	11.011010742187
1481	11.062573242187
1482	11.049682617188
1483	11.062573242187
1484	11.049682617188
1485	11.049682617188
1486	11.036791992187
1487	11.049682617188
1488	11.049682617188
1489	11.062573242187
1490	11.049682617188
1491	11.062573242187
1492	11.075463867187
1493	11.075463867187
1494	11.062573242187
1495	11.036791992187
1496	11.062573242187
1497	11.036791992187
1498	11.062573242187
1499	11.101245117187
1500	11.088354492187
1501	11.036791992187
1502	11.075463867187
1503	11.075463867187
1504	11.062573242187
1505	11.088354492187
1506	11.127026367187
1507	11.088354492187
1508	11.036791992187
1509	11.114135742188
1510	11.101245117187
1511	11.088354492187
1512	11.101245117187
1513	11.114135742188
1514	11.101245117187
1515	11.049682617188
1516	11.101245117187
1517	11.127026367187
1518	11.101245117187
1519	11.101245117187
1520	11.114135742188
1521	11.101245117187
1522	11.062573242187
1523	11.127026367187
1524	11.127026367187
1525	11.127026367187
1526	11.127026367187
1527	11.114135742188
1528	11.114135742188
1529	11.152807617187
1530	11.114135742188
1531	11.127026367187
1532	11.127026367187
1533	11.139916992187
1534	11.127026367187
1535	11.127026367187
1536	11.139916992187
1537	11.139916992187
1538	11.152807617187
1539	11.101245117187
1540	11.165698242187
1541	11.139916992187
1542	11.152807617187
1543	11.165698242187
1544	11.139916992187
1545	11.152807617187
1546	11.165698242187
1547	11.139916992187
1548	11.152807617187
1549	11.152807617187
1550	11.178588867188
1551	11.152807617187
1552	11.165698242187
1553	11.152807617187
1554	11.152807617187
1555	11.152807617187
1556	11.178588867188
1557	11.165698242187
1558	11.127026367187
1559	11.114135742188
1560	11.178588867188
1561	11.165698242187
1562	11.191479492187
1563	11.165698242187
1564	11.204370117187
1565	11.178588867188
1566	11.191479492187
1567	11.204370117187
1568	11.204370117187
1569	11.191479492187
1570	11.204370117187
1571	11.204370117187
1572	11.191479492187
1573	11.243041992188
1574	11.204370117187
1575	11.204370117187
1576	11.217260742187
1577	11.204370117187
1578	11.204370117187
1579	11.139916992187
1580	11.204370117187
1581	11.204370117187
1582	11.230151367187
1583	11.204370117187
1584	11.217260742187
1585	11.204370117187
1586	11.217260742187
1587	11.217260742187
1588	11.178588867188
1589	11.217260742187
1590	11.178588867188
1591	11.204370117187
1592	11.230151367187
1593	11.230151367187
1594	11.230151367187
1595	11.320385742187
1596	11.230151367187
1597	11.243041992188
1598	11.217260742187
1599	11.243041992188
1600	11.255932617187
1601	11.243041992188
1602	11.255932617187
1603	11.243041992188
1604	11.243041992188
1605	11.359057617187
1606	11.191479492187
1607	11.255932617187
1608	11.243041992188
1609	11.255932617187
1610	11.281713867187
1611	11.243041992188
1612	11.204370117187
1613	11.281713867187
1614	11.281713867187
1615	11.268823242187
1616	11.268823242187
1617	11.255932617187
1618	11.294604492187
1619	11.268823242187
1620	11.268823242187
1621	11.281713867187
1622	11.255932617187
1623	11.255932617187
1624	11.294604492187
1625	11.294604492187
1626	11.281713867187
1627	11.294604492187
1628	11.268823242187
1629	11.294604492187
1630	11.307495117188
1631	11.307495117188
1632	11.294604492187
1633	11.307495117188
1634	11.307495117188
1635	11.294604492187
1636	11.333276367187
1637	11.294604492187
1638	11.307495117188
1639	11.333276367187
1640	11.294604492187
1641	11.320385742187
1642	11.281713867187
1643	11.307495117188
1644	11.307495117188
1645	11.333276367187
1646	11.307495117188
1647	11.359057617187
1648	11.320385742187
1649	11.320385742187
1650	11.320385742187
1651	11.333276367187
1652	11.307495117188
1653	11.333276367187
1654	11.281713867187
1655	11.333276367187
1656	11.333276367187
1657	11.320385742187
1658	11.359057617187
1659	11.346166992187
1660	11.359057617187
1661	11.333276367187
1662	11.359057617187
1663	11.333276367187
1664	11.346166992187
1665	11.359057617187
1666	11.307495117188
1667	11.359057617187
1668	11.371948242188
1669	11.346166992187
1670	11.359057617187
1671	11.371948242188
1672	11.320385742187
1673	11.359057617187
1674	11.359057617187
1675	11.333276367187
1676	11.371948242188
1677	11.371948242188
1678	11.359057617187
1679	11.371948242188
1680	11.371948242188
1681	11.359057617187
1682	11.384838867187
1683	11.371948242188
1684	11.397729492187
1685	11.333276367187
1686	11.384838867187
1687	11.384838867187
1688	11.397729492187
1689	11.371948242188
1690	11.384838867187
1691	11.397729492187
1692	11.384838867187
1693	11.397729492187
1694	11.410620117187
1695	11.410620117187
1696	11.410620117187
1697	11.410620117187
1698	11.397729492187
1699	11.410620117187
1700	11.410620117187
1701	11.410620117187
1702	11.371948242188
1703	11.410620117187
1704	11.410620117187
1705	11.410620117187
1706	11.436401367188
1707	11.423510742187
1708	11.410620117187
1709	11.410620117187
1710	11.410620117187
1711	11.423510742187
1712	11.436401367188
1713	11.436401367188
1714	11.423510742187
1715	11.410620117187
1716	11.423510742187
1717	11.410620117187
1718	11.410620117187
1719	11.436401367188
1720	11.436401367188
1721	11.449291992187
1722	11.436401367188
1723	11.384838867187
1724	11.436401367188
1725	11.462182617187
1726	11.462182617187
1727	11.423510742187
1728	11.462182617187
1729	11.526635742187
1730	11.462182617187
1731	11.539526367187
1732	11.449291992187
1733	11.436401367188
1734	11.449291992187
1735	11.475073242187
1736	11.487963867187
1737	11.462182617187
1738	11.462182617187
1739	11.475073242187
1740	11.487963867187
1741	11.449291992187
1742	11.475073242187
1743	11.487963867187
1744	11.462182617187
1745	11.487963867187
1746	11.462182617187
1747	11.487963867187
1748	11.475073242187
1749	11.436401367188
1750	11.500854492188
1751	11.500854492188
1752	11.487963867187
1753	11.487963867187
1754	11.500854492188
1755	11.513745117187
1756	11.487963867187
1757	11.462182617187
1758	11.513745117187
1759	11.500854492188
1760	11.487963867187
1761	11.513745117187
1762	11.500854492188
1763	11.513745117187
1764	11.603979492187
1765	11.591088867187
1766	11.526635742187
1767	11.500854492188
1768	11.513745117187
1769	11.513745117187
1770	11.513745117187
1771	11.526635742187
1772	11.539526367187
1773	11.487963867187
1774	11.526635742187
1775	11.539526367187
1776	11.539526367187
1777	11.526635742187
1778	11.539526367187
1779	11.526635742187
1780	11.552416992187
1781	11.539526367187
1782	11.539526367187
1783	11.526635742187
1784	11.539526367187
1785	11.526635742187
1786	11.539526367187
1787	11.565307617188
1788	11.539526367187
1789	11.487963867187
1790	11.487963867187
1791	11.552416992187
1792	11.539526367187
1793	11.565307617188
1794	11.578198242187
1795	11.565307617188
1796	11.578198242187
1797	11.565307617188
1798	11.565307617188
1799	11.539526367187
1800	11.552416992187
1801	11.565307617188
1802	11.565307617188
1803	11.578198242187
1804	11.565307617188
1805	11.565307617188
1806	11.591088867187
1807	11.578198242187
1808	11.591088867187
1809	11.565307617188
1810	11.578198242187
1811	11.565307617188
1812	11.552416992187
1813	11.603979492187
1814	11.578198242187
1815	11.603979492187
1816	11.578198242187
1817	11.591088867187
1818	11.526635742187
1819	11.629760742188
1820	11.603979492187
1821	11.578198242187
1822	11.578198242187
1823	11.603979492187
1824	11.616870117187
1825	11.578198242187
1826	11.642651367187
1827	11.603979492187
1828	11.603979492187
1829	11.603979492187
1830	11.616870117187
1831	11.603979492187
1832	11.629760742188
1833	11.603979492187
1834	11.616870117187
1835	11.616870117187
1836	11.603979492187
1837	11.629760742188
1838	11.578198242187
1839	11.616870117187
1840	11.616870117187
1841	11.629760742188
1842	11.642651367187
1843	11.629760742188
1844	11.629760742188
1845	11.629760742188
1846	11.655541992187
1847	11.629760742188
1848	11.616870117187
1849	11.629760742188
1850	11.616870117187
1851	11.629760742188
1852	11.642651367187
1853	11.655541992187
1854	11.655541992187
1855	11.642651367187
1856	11.668432617187
1857	11.642651367187
1858	11.603979492187
1859	11.629760742188
1860	11.655541992187
1861	11.668432617187
1862	11.668432617187
1863	11.707104492187
1864	11.603979492187
1865	11.655541992187
1866	11.655541992187
1867	11.668432617187
1868	11.655541992187
1869	11.616870117187
1870	11.668432617187
1871	11.655541992187
1872	11.668432617187
1873	11.616870117187
1874	11.694213867188
1875	11.719995117187
1876	11.668432617187
1877	11.655541992187
1878	11.681323242187
1879	11.707104492187
1880	11.668432617187
1881	11.681323242187
1882	11.694213867188
1883	11.668432617187
1884	11.681323242187
1885	11.707104492187
1886	11.694213867188
1887	11.694213867188
1888	11.694213867188
1889	11.707104492187
1890	11.707104492187
1891	11.707104492187
1892	11.745776367187
1893	11.719995117187
1894	11.694213867188
1895	11.707104492187
1896	11.681323242187
1897	11.719995117187
1898	11.694213867188
1899	11.707104492187
1900	11.719995117187
1901	11.707104492187
1902	11.707104492187
1903	11.732885742187
1904	11.707104492187
1905	11.694213867188
1906	11.758666992188
1907	11.784448242187
1908	11.719995117187
1909	11.719995117187
1910	11.719995117187
1911	11.745776367187
1912	11.732885742187
1913	11.745776367187
1914	11.719995117187
1915	11.732885742187
1916	11.758666992188
1917	11.681323242187
1918	11.694213867188
1919	11.732885742187
1920	11.745776367187
1921	11.732885742187
1922	11.758666992188
1923	11.758666992188
1924	11.745776367187
1925	11.745776367187
1926	11.745776367187
1927	11.745776367187
1928	11.745776367187
1929	11.732885742187
1930	11.719995117187
1931	11.771557617187
1932	11.861791992187
1933	11.758666992188
1934	11.771557617187
1935	11.771557617187
1936	11.758666992188
1937	11.771557617187
1938	11.758666992188
1939	11.784448242187
1940	11.771557617187
1941	11.771557617187
1942	11.784448242187
1943	11.771557617187
1944	11.771557617187
1945	11.797338867187
1946	11.771557617187
1947	11.771557617187
1948	11.719995117187
1949	11.758666992188
1950	11.784448242187
1951	11.784448242187
1952	11.797338867187
1953	11.784448242187
1954	11.836010742187
1955	11.771557617187
1956	11.784448242187
1957	11.810229492187
1958	11.810229492187
1959	11.797338867187
1960	11.797338867187
1961	11.771557617187
1962	11.810229492187
1963	11.797338867187
1964	11.823120117188
1965	11.797338867187
1966	11.810229492187
1967	11.823120117188
1968	11.823120117188
1969	11.810229492187
1970	11.784448242187
1971	11.823120117188
1972	11.797338867187
1973	11.771557617187
1974	11.823120117188
1975	11.836010742187
1976	11.823120117188
1977	11.810229492187
1978	11.836010742187
1979	11.836010742187
1980	11.823120117188
1981	11.810229492187
1982	11.836010742187
1983	11.836010742187
1984	11.810229492187
1985	11.823120117188
1986	11.823120117188
1987	11.861791992187
1988	11.848901367187
1989	11.836010742187
1990	11.874682617187
1991	11.848901367187
1992	11.823120117188
1993	11.836010742187
1994	11.848901367187
1995	11.836010742187
1996	11.848901367187
1997	11.848901367187
1998	11.874682617187
1999	11.810229492187
2000	11.797338867187
2001	11.887573242188
2002	11.861791992187
2003	11.861791992187
2004	11.861791992187
2005	11.848901367187
2006	11.861791992187
2007	11.887573242188
2008	11.836010742187
2009	11.861791992187
2010	11.861791992187
2011	11.861791992187
2012	11.861791992187
2013	11.887573242188
2014	11.874682617187
2015	11.874682617187
2016	11.887573242188
2017	11.887573242188
2018	11.926245117187
2019	11.900463867187
2020	11.874682617187
2021	11.836010742187
2022	11.874682617187
2023	11.887573242188
2024	11.874682617187
2025	11.900463867187
2026	11.900463867187
2027	11.913354492187
2028	11.861791992187
2029	11.952026367188
2030	11.874682617187
2031	11.887573242188
2032	11.900463867187
2033	11.913354492187
2034	11.900463867187
2035	11.977807617187
2036	11.887573242188
2037	11.913354492187
2038	11.913354492187
2039	11.926245117187
2040	11.874682617187
2041	11.913354492187
2042	11.913354492187
2043	11.913354492187
2044	11.900463867187
2045	11.926245117187
2046	11.926245117187
2047	11.926245117187
2048	11.913354492187
2049	11.926245117187
2050	11.939135742187
2051	11.939135742187
2052	11.900463867187
2053	11.926245117187
2054	11.926245117187
2055	11.926245117187
2056	11.874682617187
2057	11.926245117187
2058	11.952026367188
2059	11.952026367188
2060	11.913354492187
2061	11.926245117187
2062	11.926245117187
2063	11.939135742187
2064	11.952026367188
2065	11.952026367188
2066	11.952026367188
2067	11.926245117187
2068	11.939135742187
2069	11.952026367188
2070	11.964916992187
2071	11.952026367188
2072	11.964916992187
2073	11.952026367188
2074	11.964916992187
2075	11.952026367188
2076	11.964916992187
2077	11.964916992187
2078	11.964916992187
2079	11.964916992187
2080	11.964916992187
2081	11.964916992187
2082	11.952026367188
2083	11.977807617187
2084	11.977807617187
2085	11.990698242187
2086	11.977807617187
2087	11.964916992187
2088	11.964916992187
2089	11.977807617187
2090	11.977807617187
2091	11.990698242187
2092	11.977807617187
2093	11.990698242187
2094	11.977807617187
2095	11.990698242187
2096	11.990698242187
2097	12.003588867187
2098	11.990698242187
2099	11.964916992187
2100	12.003588867187
2101	11.990698242187
2102	12.016479492188
2103	12.003588867187
2104	12.003588867187
2105	12.003588867187
2106	11.964916992187
2107	12.003588867187
2108	11.977807617187
2109	12.003588867187
2110	12.016479492188
2111	12.029370117187
2112	12.016479492188
2113	12.029370117187
2114	12.042260742187
2115	12.003588867187
2116	12.016479492188
2117	12.016479492188
2118	12.016479492188
2119	12.016479492188
2120	11.990698242187
2121	12.016479492188
2122	12.029370117187
2123	12.003588867187
2124	12.029370117187
2125	12.042260742187
2126	12.055151367187
2127	12.029370117187
2128	12.029370117187
2129	12.029370117187
2130	12.042260742187
2131	12.029370117187
2132	12.029370117187
2133	12.055151367187
2134	12.055151367187
2135	12.055151367187
2136	12.042260742187
2137	12.055151367187
2138	12.042260742187
2139	12.029370117187
2140	12.029370117187
2141	12.055151367187
2142	12.055151367187
2143	12.042260742187
2144	12.055151367187
2145	12.055151367187
2146	12.068041992187
2147	12.068041992187
2148	12.055151367187
2149	12.068041992187
2150	12.055151367187
2151	12.068041992187
2152	12.055151367187
2153	12.068041992187
2154	12.068041992187
2155	12.080932617188
2156	12.080932617188
2157	12.080932617188
2158	12.080932617188
2159	12.055151367187
2160	12.068041992187
2161	12.080932617188
2162	12.080932617188
2163	12.132495117187
2164	12.068041992187
2165	12.080932617188
2166	12.093823242187
2167	12.080932617188
2168	12.080932617188
2169	12.080932617188
2170	12.093823242187
2171	12.093823242187
2172	12.080932617188
2173	12.106713867187
2174	12.093823242187
2175	12.106713867187
2176	12.093823242187
2177	12.106713867187
2178	12.093823242187
2179	12.093823242187
2180	12.106713867187
2181	12.119604492187
2182	12.132495117187
2183	12.106713867187
2184	12.106713867187
2185	12.080932617188
2186	12.080932617188
2187	12.119604492187
2188	12.119604492187
2189	12.106713867187
2190	12.119604492187
2191	12.106713867187
2192	12.106713867187
2193	12.119604492187
2194	12.119604492187
2195	12.119604492187
2196	12.119604492187
2197	12.119604492187
2198	12.106713867187
2199	12.093823242187
2200	12.119604492187
2201	12.145385742188
2202	12.132495117187
2203	12.132495117187
2204	12.145385742188
2205	12.145385742188
2206	12.106713867187
2207	12.158276367187
2208	12.132495117187
2209	12.158276367187
2210	12.093823242187
2211	12.145385742188
2212	12.158276367187
2213	12.132495117187
2214	12.145385742188
2215	12.171166992187
2216	12.222729492187
2217	12.158276367187
2218	12.132495117187
2219	12.158276367187
2220	12.171166992187
2221	12.235620117187
2222	12.158276367187
2223	12.196948242187
2224	12.145385742188
2225	12.184057617187
2226	12.158276367187
2227	12.132495117187
2228	12.184057617187
2229	12.171166992187
2230	12.171166992187
2231	12.171166992187
2232	12.158276367187
2233	12.184057617187
2234	12.171166992187
2235	12.145385742188
2236	12.184057617187
2237	12.184057617187
2238	12.184057617187
2239	12.235620117187
2240	12.196948242187
2241	12.171166992187
2242	12.196948242187
2243	12.184057617187
2244	12.209838867188
2245	12.184057617187
2246	12.196948242187
2247	12.209838867188
2248	12.196948242187
2249	12.196948242187
2250	12.184057617187
2251	12.196948242187
2252	12.145385742188
2253	12.158276367187
2254	12.196948242187
2255	12.209838867188
2256	12.184057617187
2257	12.196948242187
2258	12.222729492187
2259	12.196948242187
2260	12.209838867188
2261	12.235620117187
2262	12.209838867188
2263	12.248510742187
2264	12.235620117187
2265	12.235620117187
2266	12.209838867188
2267	12.209838867188
2268	12.209838867188
2269	12.235620117187
2270	12.248510742187
2271	12.235620117187
2272	12.209838867188
2273	12.222729492187
2274	12.235620117187
2275	12.222729492187
2276	12.222729492187
2277	12.235620117187
2278	12.235620117187
2279	12.222729492187
2280	12.235620117187
2281	12.222729492187
2282	12.261401367187
2283	12.235620117187
2284	12.287182617187
2285	12.235620117187
2286	12.235620117187
2287	12.248510742187
2288	12.261401367187
2289	12.261401367187
2290	12.274291992188
2291	12.274291992188
2292	12.261401367187
2293	12.261401367187
2294	12.261401367187
2295	12.261401367187
2296	12.248510742187
2297	12.274291992188
2298	12.261401367187
2299	12.274291992188
2300	12.261401367187
2301	12.300073242187
2302	12.261401367187
2303	12.261401367187
2304	12.274291992188
2305	12.300073242187
2306	12.274291992188
2307	12.287182617187
2308	12.261401367187
2309	12.274291992188
2310	12.300073242187
2311	12.287182617187
2312	12.287182617187
2313	12.300073242187
2314	12.287182617187
2315	12.274291992188
2316	12.287182617187
2317	12.287182617187
2318	12.287182617187
2319	12.287182617187
2320	12.287182617187
2321	12.287182617187
2322	12.274291992188
2323	12.300073242187
2324	12.300073242187
2325	12.312963867187
2326	12.300073242187
2327	12.287182617187
2328	12.300073242187
2329	12.300073242187
2330	12.312963867187
2331	12.287182617187
2332	12.300073242187
2333	12.312963867187
2334	12.312963867187
2335	12.300073242187
2336	12.300073242187
2337	12.312963867187
2338	12.274291992188
2339	12.312963867187
2340	12.300073242187
2341	12.338745117188
2342	12.312963867187
2343	12.338745117188
2344	12.325854492187
2345	12.403198242188
2346	12.312963867187
2347	12.338745117188
2348	12.312963867187
2349	12.351635742187
2350	12.338745117188
2351	12.325854492187
2352	12.338745117188
2353	12.338745117188
2354	12.312963867187
2355	12.338745117188
2356	12.338745117188
2357	12.364526367187
2358	12.351635742187
2359	12.338745117188
2360	12.338745117188
2361	12.351635742187
2362	12.325854492187
2363	12.364526367187
2364	12.364526367187
2365	12.351635742187
2366	12.364526367187
2367	12.364526367187
2368	12.325854492187
2369	12.325854492187
2370	12.364526367187
2371	12.377416992187
2372	12.364526367187
2373	12.377416992187
2374	12.403198242188
2375	12.364526367187
2376	12.364526367187
2377	12.377416992187
2378	12.377416992187
2379	12.377416992187
2380	12.300073242187
2381	12.377416992187
2382	12.377416992187
2383	12.364526367187
2384	12.377416992187
2385	12.403198242188
2386	12.390307617187
2387	12.390307617187
2388	12.377416992187
2389	12.377416992187
2390	12.403198242188
2391	12.377416992187
2392	12.390307617187
2393	12.416088867187
2394	12.390307617187
2395	12.390307617187
2396	12.338745117188
2397	12.390307617187
2398	12.390307617187
2399	12.416088867187
2400	12.377416992187
2401	12.403198242188
2402	12.403198242188
2403	12.416088867187
2404	12.390307617187
2405	12.416088867187
2406	12.428979492187
2407	12.416088867187
2408	12.428979492187
2409	12.403198242188
2410	12.428979492187
2411	12.351635742187
2412	12.403198242188
2413	12.416088867187
2414	12.428979492187
2415	12.403198242188
2416	12.416088867187
2417	12.428979492187
2418	12.428979492187
2419	12.416088867187
2420	12.428979492187
2421	12.428979492187
2422	12.428979492187
2423	12.428979492187
2424	12.441870117187
2425	12.428979492187
2426	12.441870117187
2427	12.428979492187
2428	12.377416992187
2429	12.390307617187
2430	12.441870117187
2431	12.441870117187
2432	12.428979492187
2433	12.441870117187
2434	12.441870117187
2435	12.428979492187
2436	12.454760742187
2437	12.441870117187
2438	12.428979492187
2439	12.454760742187
2440	12.441870117187
2441	12.454760742187
2442	12.441870117187
2443	12.454760742187
2444	12.467651367188
2445	12.467651367188
2446	12.454760742187
2447	12.454760742187
2448	12.454760742187
2449	12.532104492188
2450	12.454760742187
2451	12.454760742187
2452	12.454760742187
2453	12.467651367188
2454	12.467651367188
2455	12.480541992187
2456	12.467651367188
2457	12.544995117187
2458	12.480541992187
2459	12.480541992187
2460	12.480541992187
2461	12.493432617187
2462	12.480541992187
2463	12.480541992187
2464	12.467651367188
2465	12.480541992187
2466	12.480541992187
2467	12.480541992187
2468	12.480541992187
2469	12.493432617187
2470	12.480541992187
2471	12.480541992187
2472	12.493432617187
2473	12.493432617187
2474	12.532104492188
2475	12.519213867187
2476	12.493432617187
2477	12.480541992187
2478	12.493432617187
2479	12.506323242187
2480	12.506323242187
2481	12.493432617187
2482	12.506323242187
2483	12.493432617187
2484	12.493432617187
2485	12.506323242187
2486	12.506323242187
2487	12.506323242187
2488	12.506323242187
2489	12.532104492188
2490	12.467651367188
2491	12.519213867187
2492	12.532104492188
2493	12.519213867187
2494	12.519213867187
2495	12.506323242187
2496	12.544995117187
2497	12.532104492188
2498	12.506323242187
2499	12.532104492188
2500	12.532104492188
2501	12.519213867187
2502	12.544995117187
2503	12.519213867187
2504	12.544995117187
2505	12.532104492188
2506	12.544995117187
2507	12.557885742187
2508	12.532104492188
2509	12.532104492188
2510	12.557885742187
2511	12.557885742187
2512	12.557885742187
2513	12.493432617187
2514	12.557885742187
2515	12.544995117187
2516	12.544995117187
2517	12.557885742187
2518	12.544995117187
2519	12.557885742187
2520	12.570776367187
2521	12.544995117187
2522	12.557885742187
2523	12.557885742187
2524	12.570776367187
2525	12.506323242187
2526	12.557885742187
2527	12.570776367187
2528	12.557885742187
2529	12.557885742187
2530	12.557885742187
2531	12.570776367187
2532	12.596557617188
2533	12.583666992187
2534	12.570776367187
2535	12.583666992187
2536	12.532104492188
2537	12.570776367187
2538	12.583666992187
2539	12.570776367187
2540	12.570776367187
2541	12.596557617188
2542	12.596557617188
2543	12.583666992187
2544	12.532104492188
2545	12.609448242187
2546	12.583666992187
2547	12.596557617188
2548	12.596557617188
2549	12.609448242187
2550	12.583666992187
2551	12.596557617188
2552	12.596557617188
2553	12.583666992187
2554	12.596557617188
2555	12.596557617188
2556	12.596557617188
2557	12.583666992187
2558	12.596557617188
2559	12.622338867187
2560	12.609448242187
2561	12.622338867187
2562	12.622338867187
2563	12.635229492187
2564	12.609448242187
2565	12.609448242187
2566	12.622338867187
2567	12.609448242187
2568	12.609448242187
2569	12.622338867187
2570	12.609448242187
2571	12.609448242187
2572	12.622338867187
2573	12.622338867187
2574	12.622338867187
2575	12.648120117187
2576	12.570776367187
2577	12.622338867187
2578	12.648120117187
2579	12.622338867187
2580	12.635229492187
2581	12.635229492187
2582	12.648120117187
2583	12.635229492187
2584	12.648120117187
2585	12.596557617188
2586	12.648120117187
2587	12.648120117187
2588	12.622338867187
2589	12.648120117187
2590	12.661010742188
2591	12.648120117187
2592	12.661010742188
2593	12.635229492187
2594	12.635229492187
2595	12.648120117187
2596	12.673901367187
2597	12.673901367187
2598	12.609448242187
2599	12.648120117187
2600	12.622338867187
2601	12.673901367187
2602	12.648120117187
2603	12.673901367187
2604	12.661010742188
2605	12.699682617187
2606	12.673901367187
2607	12.673901367187
2608	12.673901367187
2609	12.699682617187
2610	12.635229492187
2611	12.648120117187
2612	12.673901367187
2613	12.673901367187
2614	12.635229492187
2615	12.686791992187
2616	12.686791992187
2617	12.661010742188
2618	12.673901367187
2619	12.686791992187
2620	12.673901367187
2621	12.622338867187
2622	12.686791992187
2623	12.673901367187
2624	12.686791992187
2625	12.686791992187
2626	12.686791992187
2627	12.686791992187
2628	12.699682617187
2629	12.712573242187
2630	12.699682617187
2631	12.699682617187
2632	12.686791992187
2633	12.699682617187
2634	12.699682617187
2635	12.661010742188
2636	12.699682617187
2637	12.699682617187
2638	12.699682617187
2639	12.712573242187
2640	12.777026367187
2641	12.712573242187
2642	12.699682617187
2643	12.686791992187
2644	12.712573242187
2645	12.673901367187
2646	12.699682617187
2647	12.725463867188
2648	12.725463867188
2649	12.725463867188
2650	12.712573242187
2651	12.725463867188
2652	12.725463867188
2653	12.725463867188
2654	12.712573242187
2655	12.725463867188
2656	12.738354492187
2657	12.725463867188
2658	12.725463867188
2659	12.751245117187
2660	12.738354492187
2661	12.738354492187
2662	12.738354492187
2663	12.828588867187
2664	12.738354492187
2665	12.751245117187
2666	12.725463867188
2667	12.699682617187
2668	12.764135742187
2669	12.725463867188
2670	12.751245117187
2671	12.712573242187
2672	12.738354492187
2673	12.751245117187
2674	12.777026367187
2675	12.738354492187
2676	12.751245117187
2677	12.751245117187
2678	12.764135742187
2679	12.751245117187
2680	12.751245117187
2681	12.751245117187
2682	12.764135742187
2683	12.764135742187
2684	12.777026367187
2685	12.751245117187
2686	12.751245117187
2687	12.764135742187
2688	12.764135742187
2689	12.751245117187
2690	12.777026367187
2691	12.764135742187
2692	12.764135742187
2693	12.764135742187
2694	12.764135742187
2695	12.764135742187
2696	12.777026367187
2697	12.777026367187
2698	12.802807617187
2699	12.777026367187
2700	12.777026367187
2701	12.802807617187
2702	12.789916992188
2703	12.777026367187
2704	12.738354492187
2705	12.777026367187
2706	12.789916992188
2707	12.789916992188
2708	12.802807617187
2709	12.789916992188
2710	12.789916992188
2711	12.802807617187
2712	12.802807617187
2713	12.815698242187
2714	12.789916992188
2715	12.751245117187
2716	12.777026367187
2717	12.802807617187
2718	12.815698242187
2719	12.828588867187
2720	12.802807617187
2721	12.828588867187
2722	12.828588867187
2723	12.815698242187
2724	12.841479492187
2725	12.828588867187
2726	12.828588867187
2727	12.802807617187
2728	12.828588867187
2729	12.828588867187
2730	12.815698242187
2731	12.828588867187
2732	12.905932617187
2733	12.841479492187
2734	12.815698242187
2735	12.841479492187
2736	12.815698242187
2737	12.815698242187
2738	12.828588867187
2739	12.854370117188
2740	12.854370117188
2741	12.841479492187
2742	12.854370117188
2743	12.841479492187
2744	12.854370117188
2745	12.841479492187
2746	12.854370117188
2747	12.828588867187
2748	12.854370117188
2749	12.828588867187
2750	12.841479492187
2751	12.854370117188
2752	12.905932617187
2753	12.841479492187
2754	12.854370117188
2755	12.815698242187
2756	12.931713867187
2757	12.854370117188
2758	12.867260742187
2759	12.867260742187
2760	12.905932617187
2761	12.854370117188
2762	12.854370117188
2763	12.893041992187
2764	12.867260742187
2765	12.815698242187
2766	12.867260742187
2767	12.880151367187
2768	12.880151367187
2769	12.867260742187
2770	12.854370117188
2771	12.867260742187
2772	12.815698242187
2773	12.893041992187
2774	12.880151367187
2775	12.893041992187
2776	12.867260742187
2777	12.867260742187
2778	12.867260742187
2779	12.957495117187
2780	12.854370117188
2781	12.841479492187
2782	12.880151367187
2783	12.880151367187
2784	12.893041992187
2785	12.880151367187
2786	12.880151367187
2787	12.893041992187
2788	12.905932617187
2789	12.905932617187
2790	12.893041992187
2791	12.905932617187
2792	12.905932617187
2793	12.905932617187
2794	12.905932617187
2795	12.905932617187
2796	12.918823242188
2797	12.905932617187
2798	12.918823242188
2799	12.893041992187
2800	12.905932617187
2801	12.841479492187
2802	12.905932617187
2803	12.905932617187
2804	12.918823242188
2805	12.905932617187
2806	12.918823242188
2807	12.905932617187
2808	12.905932617187
2809	12.918823242188
2810	12.905932617187
2811	12.918823242188
2812	12.983276367188
2813	12.931713867187
2814	12.918823242188
2815	12.931713867187
2816	12.944604492187
2817	12.931713867187
2818	12.931713867187
2819	12.931713867187
2820	12.931713867187
2821	12.957495117187
2822	12.918823242188
2823	12.931713867187
2824	12.931713867187
2825	12.944604492187
2826	12.944604492187
2827	12.944604492187
2828	12.957495117187
2829	12.931713867187
2830	12.944604492187
2831	12.918823242188
2832	12.970385742187
2833	12.944604492187
2834	12.996166992187
2835	12.957495117187
2836	12.944604492187
2837	12.944604492187
2838	12.957495117187
2839	12.944604492187
2840	12.944604492187
2841	12.957495117187
2842	12.957495117187
2843	12.957495117187
2844	12.957495117187
2845	12.983276367188
2846	12.957495117187
2847	12.944604492187
2848	12.944604492187
2849	12.957495117187
2850	12.957495117187
2851	12.944604492187
2852	12.970385742187
2853	12.970385742187
2854	12.944604492187
2855	12.970385742187
2856	13.047729492188
2857	12.970385742187
2858	12.970385742187
2859	12.983276367188
2860	12.983276367188
2861	12.996166992187
2862	12.931713867187
2863	12.983276367188
2864	12.996166992187
2865	12.983276367188
2866	12.983276367188
2867	13.009057617187
2868	12.970385742187
2869	12.983276367188
2870	12.983276367188
2871	13.009057617187
2872	12.983276367188
2873	13.009057617187
2874	13.009057617187
2875	13.009057617187
2876	13.009057617187
2877	12.983276367188
2878	13.009057617187
2879	12.996166992187
2880	13.009057617187
2881	12.996166992187
2882	12.996166992187
2883	12.996166992187
2884	13.021948242187
2885	13.021948242187
2886	13.034838867187
2887	13.009057617187
2888	13.021948242187
2889	13.021948242187
2890	13.021948242187
2891	13.034838867187
2892	13.034838867187
2893	13.021948242187
2894	13.021948242187
2895	13.034838867187
2896	13.034838867187
2897	13.047729492188
2898	13.034838867187
2899	13.021948242187
2900	13.073510742187
2901	13.034838867187
2902	13.021948242187
2903	13.047729492188
2904	13.047729492188
2905	13.060620117187
2906	13.047729492188
2907	13.034838867187
2908	13.047729492188
2909	13.073510742187
2910	13.034838867187
2911	13.034838867187
2912	13.021948242187
2913	13.034838867187
2914	13.021948242187
2915	13.060620117187
2916	13.060620117187
2917	13.073510742187
2918	13.009057617187
2919	13.021948242187
2920	13.047729492188
2921	13.060620117187
2922	13.060620117187
2923	13.047729492188
2924	13.009057617187
2925	12.996166992187
2926	13.047729492188
2927	13.060620117187
2928	13.060620117187
2929	13.073510742187
2930	13.060620117187
2931	13.112182617188
2932	13.060620117187
2933	13.060620117187
2934	13.060620117187
2935	13.060620117187
2936	13.073510742187
2937	13.073510742187
2938	13.060620117187
2939	13.073510742187
2940	13.073510742187
2941	13.073510742187
2942	13.073510742187
2943	13.086401367187
2944	13.073510742187
2945	13.086401367187
2946	13.086401367187
2947	13.099291992187
2948	13.125073242187
2949	13.112182617188
2950	13.021948242187
2951	13.086401367187
2952	13.099291992187
2953	13.086401367187
2954	13.112182617188
2955	13.112182617188
2956	13.099291992187
2957	13.099291992187
2958	13.073510742187
2959	13.099291992187
2960	13.112182617188
2961	13.125073242187
2962	13.099291992187
2963	13.112182617188
2964	13.099291992187
2965	13.125073242187
2966	13.112182617188
2967	13.086401367187
2968	13.112182617188
2969	13.112182617188
2970	13.099291992187
2971	13.112182617188
2972	13.125073242187
2973	13.112182617188
2974	13.216113281250
2975	13.125073242187
2976	13.112182617188
2977	13.112182617188
2978	13.099291992187
2979	13.125073242187
2980	13.125073242187
2981	13.112182617188
2982	13.137963867187
2983	13.125073242187
2984	13.112182617188
2985	13.125073242187
2986	13.125073242187
2987	13.112182617188
2988	13.125073242187
2989	13.125073242187
2990	13.137963867187
2991	13.125073242187
2992	13.150854492187
2993	13.125073242187
2994	13.125073242187
2995	13.163745117187
2996	13.163745117187
2997	13.150854492187
2998	13.150854492187
2999	13.163745117187
3000	13.137963867187
3001	13.137963867187
3002	13.137963867187
3003	13.137963867187
3004	13.137963867187
3005	13.150854492187
3006	13.150854492187
3007	13.176635742188
3008	13.150854492187
3009	13.150854492187
3010	13.150854492187
3011	13.150854492187
3012	13.163745117187
3013	13.150854492187
3014	13.163745117187
3015	13.163745117187
3016	13.163745117187
3017	13.163745117187
3018	13.163745117187
3019	13.163745117187
3020	13.163745117187
3021	13.163745117187
3022	13.163745117187
3023	13.163745117187
3024	13.163745117187
3025	13.163745117187
3026	13.176635742188
3027	13.150854492187
3028	13.176635742188
3029	13.163745117187
3030	13.150854492187
3031	13.176635742188
3032	13.125073242187
3033	13.176635742188
3034	13.176635742188
3035	13.216113281250
3036	13.203222656250
3037	13.267675781250
3038	13.203222656250
3039	13.216113281250
3040	13.203222656250
3041	13.125073242187
3042	13.203222656250
3043	13.203222656250
3044	13.150854492187
3045	13.216113281250
3046	13.203222656250
3047	13.203222656250
3048	13.189526367187
3049	13.216113281250
3050	13.216113281250
3051	13.203222656250
3052	13.216113281250
3053	13.203222656250
3054	13.203222656250
3055	13.216113281250
3056	13.229003906250
3057	13.203222656250
3058	13.216113281250
3059	13.216113281250
3060	13.229003906250
3061	13.216113281250
3062	13.216113281250
3063	13.216113281250
3064	13.229003906250
3065	13.241894531250
3066	13.229003906250
3067	13.216113281250
3068	13.229003906250
3069	13.241894531250
3070	13.163745117187
3071	13.229003906250
3072	13.254785156250
3073	13.229003906250
3074	13.216113281250
3075	13.241894531250
3076	13.176635742188
3077	13.241894531250
3078	13.241894531250
3079	13.163745117187
3080	13.254785156250
3081	13.189526367187
3082	13.254785156250
3083	13.254785156250
3084	13.216113281250
3085	13.254785156250
3086	13.254785156250
3087	13.176635742188
3088	13.229003906250
3089	13.267675781250
3090	13.241894531250
3091	13.241894531250
3092	13.254785156250
3093	13.267675781250
3094	13.267675781250
3095	13.280566406250
3096	13.254785156250
3097	13.203222656250
3098	13.254785156250
3099	13.254785156250
3100	13.254785156250
3101	13.293457031250
3102	13.332128906250
3103	13.267675781250
3104	13.216113281250
3105	13.203222656250
3106	13.229003906250
3107	13.254785156250
3108	13.267675781250
3109	13.280566406250
3110	13.280566406250
3111	13.293457031250
3112	13.293457031250
3113	13.280566406250
3114	13.293457031250
3115	13.293457031250
3116	13.293457031250
3117	13.254785156250
3118	13.280566406250
3119	13.293457031250
3120	13.254785156250
3121	13.293457031250
3122	13.293457031250
3123	13.280566406250
3124	13.280566406250
3125	13.254785156250
3126	13.241894531250
3127	13.319238281250
3128	13.306347656250
3129	13.306347656250
3130	13.280566406250
3131	13.345019531250
3132	13.280566406250
3133	13.241894531250
3134	13.267675781250
3135	13.306347656250
3136	13.280566406250
3137	13.332128906250
3138	13.306347656250
3139	13.267675781250
3140	13.280566406250
3141	13.306347656250
3142	13.306347656250
3143	13.293457031250
3144	13.319238281250
3145	13.306347656250
3146	13.332128906250
3147	13.306347656250
3148	13.306347656250
3149	13.306347656250
3150	13.319238281250
3151	13.332128906250
3152	13.319238281250
3153	13.319238281250
3154	13.306347656250
3155	13.319238281250
3156	13.332128906250
3157	13.319238281250
3158	13.319238281250
3159	13.332128906250
3160	13.267675781250
3161	13.319238281250
3162	13.332128906250
3163	13.332128906250
3164	13.306347656250
3165	13.345019531250
3166	13.345019531250
3167	13.267675781250
3168	13.332128906250
3169	13.319238281250
3170	13.332128906250
3171	13.319238281250
3172	13.319238281250
3173	13.319238281250
3174	13.332128906250
3175	13.357910156250
3176	13.357910156250
3177	13.357910156250
3178	13.357910156250
3179	13.345019531250
3180	13.345019531250
3181	13.345019531250
3182	13.345019531250
3183	13.293457031250
3184	13.293457031250
3185	13.345019531250
3186	13.345019531250
3187	13.357910156250
3188	13.306347656250
3189	13.370800781250
3190	13.345019531250
3191	13.306347656250
3192	13.345019531250
3193	13.345019531250
3194	13.357910156250
3195	13.319238281250
3196	13.306347656250
3197	13.383691406250
3198	13.332128906250
3199	13.370800781250
3200	13.357910156250
3201	13.306347656250
3202	13.422363281250
3203	13.370800781250
3204	13.383691406250
3205	13.370800781250
3206	13.383691406250
3207	13.396582031250
3208	13.396582031250
3209	13.396582031250
3210	13.370800781250
3211	13.357910156250
3212	13.357910156250
3213	13.396582031250
3214	13.383691406250
3215	13.370800781250
3216	13.383691406250
3217	13.383691406250
3218	13.370800781250
3219	13.409472656250
3220	13.409472656250
3221	13.409472656250
3222	13.383691406250
3223	13.409472656250
3224	13.370800781250
3225	13.370800781250
3226	13.383691406250
3227	13.383691406250
3228	13.396582031250
3229	13.396582031250
3230	13.383691406250
3231	13.383691406250
3232	13.383691406250
3233	13.409472656250
3234	13.332128906250
3235	13.409472656250
3236	13.409472656250
3237	13.422363281250
3238	13.422363281250
3239	13.409472656250
3240	13.422363281250
3241	13.448144531250
3242	13.409472656250
3243	13.409472656250
3244	13.409472656250
3245	13.357910156250
3246	13.409472656250
3247	13.435253906250
3248	13.409472656250
3249	13.422363281250
3250	13.422363281250
3251	13.435253906250
3252	13.422363281250
3253	13.396582031250
3254	13.422363281250
3255	13.409472656250
3256	13.486816406250
3257	13.435253906250
3258	13.422363281250
3259	13.422363281250
3260	13.448144531250
3261	13.461035156250
3262	13.435253906250
3263	13.435253906250
3264	13.435253906250
3265	13.422363281250
3266	13.448144531250
3267	13.422363281250
3268	13.435253906250
3269	13.448144531250
3270	13.435253906250
3271	13.461035156250
3272	13.435253906250
3273	13.435253906250
3274	13.435253906250
3275	13.422363281250
3276	13.448144531250
3277	13.448144531250
3278	13.435253906250
3279	13.422363281250
3280	13.448144531250
3281	13.461035156250
3282	13.461035156250
3283	13.448144531250
3284	13.473925781250
3285	13.435253906250
3286	13.435253906250
3287	13.461035156250
3288	13.461035156250
3289	13.473925781250
3290	13.448144531250
3291	13.461035156250
3292	13.525488281250
3293	13.448144531250
3294	13.461035156250
3295	13.461035156250
3296	13.422363281250
3297	13.473925781250
3298	13.448144531250
3299	13.486816406250
3300	13.422363281250
3301	13.461035156250
3302	13.486816406250
3303	13.461035156250
3304	13.473925781250
3305	13.486816406250
3306	13.525488281250
3307	13.473925781250
3308	13.551269531250
3309	13.486816406250
3310	13.486816406250
3311	13.486816406250
3312	13.422363281250
3313	13.473925781250
3314	13.499707031250
3315	13.473925781250
3316	13.473925781250
3317	13.499707031250
3318	13.473925781250
3319	13.473925781250
3320	13.499707031250
3321	13.486816406250
3322	13.486816406250
3323	13.473925781250
3324	13.486816406250
3325	13.512597656250
3326	13.499707031250
3327	13.512597656250
3328	13.512597656250
3329	13.499707031250
3330	13.512597656250
3331	13.486816406250
3332	13.486816406250
3333	13.499707031250
3334	13.512597656250
3335	13.499707031250
3336	13.551269531250
3337	13.486816406250
3338	13.525488281250
3339	13.525488281250
3340	13.512597656250
3341	13.448144531250
3342	13.499707031250
3343	13.486816406250
3344	13.512597656250
3345	13.512597656250
3346	13.512597656250
3347	13.525488281250
3348	13.512597656250
3349	13.473925781250
3350	13.525488281250
3351	13.538378906250
3352	13.512597656250
3353	13.525488281250
3354	13.512597656250
3355	13.461035156250
3356	13.525488281250
3357	13.538378906250
3358	13.589941406250
3359	13.525488281250
3360	13.538378906250
3361	13.525488281250
3362	13.538378906250
3363	13.512597656250
3364	13.525488281250
3365	13.577050781250
3366	13.486816406250
3367	13.564160156250
3368	13.525488281250
3369	13.564160156250
3370	13.525488281250
3371	13.525488281250
3372	13.525488281250
3373	13.525488281250
3374	13.564160156250
3375	13.538378906250
3376	13.551269531250
3377	13.564160156250
3378	13.538378906250
3379	13.551269531250
3380	13.538378906250
3381	13.551269531250
3382	13.538378906250
3383	13.551269531250
3384	13.551269531250
3385	13.551269531250
3386	13.551269531250
3387	13.538378906250
3388	13.551269531250
3389	13.564160156250
3390	13.564160156250
3391	13.564160156250
3392	13.538378906250
3393	13.577050781250
3394	13.577050781250
3395	13.564160156250
3396	13.564160156250
3397	13.577050781250
3398	13.577050781250
3399	13.551269531250
3400	13.564160156250
3401	13.564160156250
3402	13.589941406250
3403	13.564160156250
3404	13.564160156250
3405	13.602832031250
3406	13.577050781250
3407	13.577050781250
3408	13.538378906250
3409	13.577050781250
3410	13.564160156250
3411	13.564160156250
3412	13.589941406250
3413	13.577050781250
3414	13.577050781250
3415	13.551269531250
3416	13.602832031250
3417	13.577050781250
3418	13.577050781250
3419	13.589941406250
3420	13.577050781250
3421	13.577050781250
3422	13.589941406250
3423	13.538378906250
3424	13.551269531250
3425	13.602832031250
3426	13.589941406250
3427	13.602832031250
3428	13.589941406250
3429	13.589941406250
3430	13.589941406250
3431	13.602832031250
3432	13.602832031250
3433	13.551269531250
3434	13.615722656250
3435	13.589941406250
3436	13.589941406250
3437	13.602832031250
3438	13.615722656250
3439	13.602832031250
3440	13.602832031250
3441	13.615722656250
3442	13.628613281250
3443	13.615722656250
3444	13.628613281250
3445	13.628613281250
3446	13.615722656250
3447	13.693066406250
3448	13.615722656250
3449	13.615722656250
3450	13.693066406250
3451	13.615722656250
3452	13.602832031250
3453	13.615722656250
3454	13.628613281250
3455	13.641503906250
3456	13.615722656250
3457	13.628613281250
3458	13.641503906250
3459	13.628613281250
3460	13.641503906250
3461	13.589941406250
3462	13.615722656250
3463	13.628613281250
3464	13.628613281250
3465	13.615722656250
3466	13.628613281250
3467	13.641503906250
3468	13.628613281250
3469	13.641503906250
3470	13.615722656250
3471	13.628613281250
3472	13.615722656250
3473	13.654394531250
3474	13.654394531250
3475	13.615722656250
3476	13.680175781250
3477	13.705957031250
3478	13.654394531250
3479	13.667285156250
3480	13.641503906250
3481	13.667285156250
3482	13.641503906250
3483	13.641503906250
3484	13.641503906250
3485	13.641503906250
3486	13.667285156250
3487	13.641503906250
3488	13.654394531250
3489	13.667285156250
3490	13.680175781250
3491	13.654394531250
3492	13.667285156250
3493	13.667285156250
3494	13.667285156250
3495	13.680175781250
3496	13.654394531250
3497	13.667285156250
3498	13.667285156250
3499	13.641503906250
3500	13.615722656250
3501	13.667285156250
3502	13.680175781250
3503	13.615722656250
3504	13.680175781250
3505	13.680175781250
3506	13.641503906250
3507	13.667285156250
3508	13.667285156250
3509	13.680175781250
3510	13.693066406250
3511	13.667285156250
3512	13.667285156250
3513	13.718847656250
3514	13.693066406250
3515	13.680175781250
3516	13.667285156250
3517	13.680175781250
3518	13.680175781250
3519	13.628613281250
3520	13.680175781250
3521	13.641503906250
3522	13.693066406250
3523	13.680175781250
3524	13.641503906250
3525	13.705957031250
3526	13.680175781250
3527	13.680175781250
3528	13.705957031250
3529	13.693066406250
3530	13.693066406250
3531	13.680175781250
3532	13.705957031250
3533	13.693066406250
3534	13.744628906250
3535	13.693066406250
3536	13.705957031250
3537	13.693066406250
3538	13.718847656250
3539	13.705957031250
3540	13.705957031250
3541	13.705957031250
3542	13.718847656250
3543	13.718847656250
3544	13.667285156250
3545	13.718847656250
3546	13.705957031250
3547	13.705957031250
3548	13.693066406250
3549	13.718847656250
3550	13.731738281250
3551	13.731738281250
3552	13.731738281250
3553	13.718847656250
3554	13.718847656250
3555	13.718847656250
3556	13.705957031250
3557	13.705957031250
3558	13.731738281250
3559	13.680175781250
3560	13.731738281250
3561	13.705957031250
3562	13.718847656250
3563	13.718847656250
3564	13.744628906250
3565	13.744628906250
3566	13.693066406250
3567	13.718847656250
3568	13.731738281250
3569	13.757519531250
3570	13.731738281250
3571	13.757519531250
3572	13.731738281250
3573	13.744628906250
3574	13.693066406250
3575	13.757519531250
3576	13.680175781250
3577	13.731738281250
3578	13.718847656250
3579	13.744628906250
3580	13.718847656250
3581	13.744628906250
3582	13.744628906250
3583	13.731738281250
3584	13.693066406250
3585	13.770410156250
3586	13.731738281250
3587	13.731738281250
3588	13.744628906250
3589	13.757519531250
3590	13.744628906250
3591	13.770410156250
3592	13.744628906250
3593	13.783300781250
3594	13.796191406250
3595	13.757519531250
3596	13.770410156250
3597	13.757519531250
3598	13.757519531250
3599	13.757519531250
3600	13.770410156250
3601	13.744628906250
3602	13.783300781250
3603	13.770410156250
3604	13.770410156250
3605	13.783300781250
3606	13.770410156250
3607	13.783300781250
3608	13.770410156250
3609	13.757519531250
3610	13.770410156250
3611	13.770410156250
3612	13.821972656250
3613	13.718847656250
3614	13.718847656250
3615	13.770410156250
3616	13.783300781250
3617	13.770410156250
3618	13.770410156250
3619	13.783300781250
3620	13.783300781250
3621	13.783300781250
3622	13.796191406250
3623	13.783300781250
3624	13.731738281250
3625	13.770410156250
3626	13.886425781250
3627	13.809082031250
3628	13.796191406250
3629	13.847753906250
3630	13.796191406250
3631	13.783300781250
3632	13.809082031250
3633	13.783300781250
3634	13.796191406250
3635	13.770410156250
3636	13.783300781250
3637	13.809082031250
3638	13.783300781250
3639	13.731738281250
3640	13.796191406250
3641	13.783300781250
3642	13.783300781250
3643	13.796191406250
3644	13.744628906250
3645	13.821972656250
3646	13.821972656250
3647	13.796191406250
